64
10.0 0.0
9.951847 0.980171
9.807853 1.950903
9.569403 2.902847
9.238795 3.826834
8.819213 4.713967
8.314696 5.555702
7.730105 6.343933
7.071068 7.071068
6.343933 7.730105
5.555702 8.314696
4.713967 8.819213
3.826834 9.238795
2.902847 9.569403
1.950903 9.807853
0.980171 9.951847
0.0 10.0
-0.980171 9.951847
-1.950903 9.807853
-2.902847 9.569403
-3.826834 9.238795
-4.713967 8.819213
-5.555702 8.314696
-6.343933 7.730105
-7.071068 7.071068
-7.730105 6.343933
-8.314696 5.555702
-8.819213 4.713967
-9.238795 3.826834
-9.569403 2.902847
-9.807853 1.950903
-9.951847 0.980171
-10.0 0.0
-9.951847 -0.980171
-9.807853 -1.950903
-9.569403 -2.902847
-9.238795 -3.826834
-8.819213 -4.713967
-8.314696 -5.555702
-7.730105 -6.343933
-7.071068 -7.071068
-6.343933 -7.730105
-5.555702 -8.314696
-4.713967 -8.819213
-3.826834 -9.238795
-2.902847 -9.569403
-1.950903 -9.807853
-0.980171 -9.951847
-0.0 -10.0
0.980171 -9.951847
1.950903 -9.807853
2.902847 -9.569403
3.826834 -9.238795
4.713967 -8.819213
5.555702 -8.314696
6.343933 -7.730105
7.071068 -7.071068
7.730105 -6.343933
8.314696 -5.555702
8.819213 -4.713967
9.238795 -3.826834
9.569403 -2.902847
9.807853 -1.950903
9.951847 -0.980171
