2048
0.0 0.0
0.097656 0.097656
0.195312 0.195312
0.292969 0.292969
0.390625 0.390625
0.488281 0.488281
0.585938 0.585938
0.683594 0.683594
0.78125 0.78125
0.878906 0.878906
0.976562 0.976562
1.074219 1.074219
1.171875 1.171875
1.269531 1.269531
1.367188 1.367188
1.464844 1.464844
1.5625 1.5625
1.660156 1.660156
1.757812 1.757812
1.855469 1.855469
1.953125 1.953125
2.050781 2.050781
2.148438 2.148438
2.246094 2.246094
2.34375 2.34375
2.441406 2.441406
2.539062 2.539062
2.636719 2.636719
2.734375 2.734375
2.832031 2.832031
2.929688 2.929688
3.027344 3.027344
3.125 3.125
3.222656 3.222656
3.320312 3.320312
3.417969 3.417969
3.515625 3.515625
3.613281 3.613281
3.710938 3.710938
3.808594 3.808594
3.90625 3.90625
4.003906 4.003906
4.101562 4.101562
4.199219 4.199219
4.296875 4.296875
4.394531 4.394531
4.492188 4.492188
4.589844 4.589844
4.6875 4.6875
4.785156 4.785156
4.882812 4.882812
4.980469 4.980469
5.078125 5.078125
5.175781 5.175781
5.273438 5.273438
5.371094 5.371094
5.46875 5.46875
5.566406 5.566406
5.664062 5.664062
5.761719 5.761719
5.859375 5.859375
5.957031 5.957031
6.054688 6.054688
6.152344 6.152344
6.25 6.25
6.347656 6.347656
6.445312 6.445312
6.542969 6.542969
6.640625 6.640625
6.738281 6.738281
6.835938 6.835938
6.933594 6.933594
7.03125 7.03125
7.128906 7.128906
7.226562 7.226562
7.324219 7.324219
7.421875 7.421875
7.519531 7.519531
7.617188 7.617188
7.714844 7.714844
7.8125 7.8125
7.910156 7.910156
8.007812 8.007812
8.105469 8.105469
8.203125 8.203125
8.300781 8.300781
8.398438 8.398438
8.496094 8.496094
8.59375 8.59375
8.691406 8.691406
8.789062 8.789062
8.886719 8.886719
8.984375 8.984375
9.082031 9.082031
9.179688 9.179688
9.277344 9.277344
9.375 9.375
9.472656 9.472656
9.570312 9.570312
9.667969 9.667969
9.765625 9.765625
9.863281 9.863281
9.960938 9.960938
10.058594 10.058594
10.15625 10.15625
10.253906 10.253906
10.351562 10.351562
10.449219 10.449219
10.546875 10.546875
10.644531 10.644531
10.742188 10.742188
10.839844 10.839844
10.9375 10.9375
11.035156 11.035156
11.132812 11.132812
11.230469 11.230469
11.328125 11.328125
11.425781 11.425781
11.523438 11.523438
11.621094 11.621094
11.71875 11.71875
11.816406 11.816406
11.914062 11.914062
12.011719 12.011719
12.109375 12.109375
12.207031 12.207031
12.304688 12.304688
12.402344 12.402344
12.5 12.5
12.597656 12.597656
12.695312 12.695312
12.792969 12.792969
12.890625 12.890625
12.988281 12.988281
13.085938 13.085938
13.183594 13.183594
13.28125 13.28125
13.378906 13.378906
13.476562 13.476562
13.574219 13.574219
13.671875 13.671875
13.769531 13.769531
13.867188 13.867188
13.964844 13.964844
14.0625 14.0625
14.160156 14.160156
14.257812 14.257812
14.355469 14.355469
14.453125 14.453125
14.550781 14.550781
14.648438 14.648438
14.746094 14.746094
14.84375 14.84375
14.941406 14.941406
15.039062 15.039062
15.136719 15.136719
15.234375 15.234375
15.332031 15.332031
15.429688 15.429688
15.527344 15.527344
15.625 15.625
15.722656 15.722656
15.820312 15.820312
15.917969 15.917969
16.015625 16.015625
16.113281 16.113281
16.210938 16.210938
16.308594 16.308594
16.40625 16.40625
16.503906 16.503906
16.601562 16.601562
16.699219 16.699219
16.796875 16.796875
16.894531 16.894531
16.992188 16.992188
17.089844 17.089844
17.1875 17.1875
17.285156 17.285156
17.382812 17.382812
17.480469 17.480469
17.578125 17.578125
17.675781 17.675781
17.773438 17.773438
17.871094 17.871094
17.96875 17.96875
18.066406 18.066406
18.164062 18.164062
18.261719 18.261719
18.359375 18.359375
18.457031 18.457031
18.554688 18.554688
18.652344 18.652344
18.75 18.75
18.847656 18.847656
18.945312 18.945312
19.042969 19.042969
19.140625 19.140625
19.238281 19.238281
19.335938 19.335938
19.433594 19.433594
19.53125 19.53125
19.628906 19.628906
19.726562 19.726562
19.824219 19.824219
19.921875 19.921875
20.019531 20.019531
20.117188 20.117188
20.214844 20.214844
20.3125 20.3125
20.410156 20.410156
20.507812 20.507812
20.605469 20.605469
20.703125 20.703125
20.800781 20.800781
20.898438 20.898438
20.996094 20.996094
21.09375 21.09375
21.191406 21.191406
21.289062 21.289062
21.386719 21.386719
21.484375 21.484375
21.582031 21.582031
21.679688 21.679688
21.777344 21.777344
21.875 21.875
21.972656 21.972656
22.070312 22.070312
22.167969 22.167969
22.265625 22.265625
22.363281 22.363281
22.460938 22.460938
22.558594 22.558594
22.65625 22.65625
22.753906 22.753906
22.851562 22.851562
22.949219 22.949219
23.046875 23.046875
23.144531 23.144531
23.242188 23.242188
23.339844 23.339844
23.4375 23.4375
23.535156 23.535156
23.632812 23.632812
23.730469 23.730469
23.828125 23.828125
23.925781 23.925781
24.023438 24.023438
24.121094 24.121094
24.21875 24.21875
24.316406 24.316406
24.414062 24.414062
24.511719 24.511719
24.609375 24.609375
24.707031 24.707031
24.804688 24.804688
24.902344 24.902344
25.0 25.0
25.097656 25.097656
25.195312 25.195312
25.292969 25.292969
25.390625 25.390625
25.488281 25.488281
25.585938 25.585938
25.683594 25.683594
25.78125 25.78125
25.878906 25.878906
25.976562 25.976562
26.074219 26.074219
26.171875 26.171875
26.269531 26.269531
26.367188 26.367188
26.464844 26.464844
26.5625 26.5625
26.660156 26.660156
26.757812 26.757812
26.855469 26.855469
26.953125 26.953125
27.050781 27.050781
27.148438 27.148438
27.246094 27.246094
27.34375 27.34375
27.441406 27.441406
27.539062 27.539062
27.636719 27.636719
27.734375 27.734375
27.832031 27.832031
27.929688 27.929688
28.027344 28.027344
28.125 28.125
28.222656 28.222656
28.320312 28.320312
28.417969 28.417969
28.515625 28.515625
28.613281 28.613281
28.710938 28.710938
28.808594 28.808594
28.90625 28.90625
29.003906 29.003906
29.101562 29.101562
29.199219 29.199219
29.296875 29.296875
29.394531 29.394531
29.492188 29.492188
29.589844 29.589844
29.6875 29.6875
29.785156 29.785156
29.882812 29.882812
29.980469 29.980469
30.078125 30.078125
30.175781 30.175781
30.273438 30.273438
30.371094 30.371094
30.46875 30.46875
30.566406 30.566406
30.664062 30.664062
30.761719 30.761719
30.859375 30.859375
30.957031 30.957031
31.054688 31.054688
31.152344 31.152344
31.25 31.25
31.347656 31.347656
31.445312 31.445312
31.542969 31.542969
31.640625 31.640625
31.738281 31.738281
31.835938 31.835938
31.933594 31.933594
32.03125 32.03125
32.128906 32.128906
32.226562 32.226562
32.324219 32.324219
32.421875 32.421875
32.519531 32.519531
32.617188 32.617188
32.714844 32.714844
32.8125 32.8125
32.910156 32.910156
33.007812 33.007812
33.105469 33.105469
33.203125 33.203125
33.300781 33.300781
33.398438 33.398438
33.496094 33.496094
33.59375 33.59375
33.691406 33.691406
33.789062 33.789062
33.886719 33.886719
33.984375 33.984375
34.082031 34.082031
34.179688 34.179688
34.277344 34.277344
34.375 34.375
34.472656 34.472656
34.570312 34.570312
34.667969 34.667969
34.765625 34.765625
34.863281 34.863281
34.960938 34.960938
35.058594 35.058594
35.15625 35.15625
35.253906 35.253906
35.351562 35.351562
35.449219 35.449219
35.546875 35.546875
35.644531 35.644531
35.742188 35.742188
35.839844 35.839844
35.9375 35.9375
36.035156 36.035156
36.132812 36.132812
36.230469 36.230469
36.328125 36.328125
36.425781 36.425781
36.523438 36.523438
36.621094 36.621094
36.71875 36.71875
36.816406 36.816406
36.914062 36.914062
37.011719 37.011719
37.109375 37.109375
37.207031 37.207031
37.304688 37.304688
37.402344 37.402344
37.5 37.5
37.597656 37.597656
37.695312 37.695312
37.792969 37.792969
37.890625 37.890625
37.988281 37.988281
38.085938 38.085938
38.183594 38.183594
38.28125 38.28125
38.378906 38.378906
38.476562 38.476562
38.574219 38.574219
38.671875 38.671875
38.769531 38.769531
38.867188 38.867188
38.964844 38.964844
39.0625 39.0625
39.160156 39.160156
39.257812 39.257812
39.355469 39.355469
39.453125 39.453125
39.550781 39.550781
39.648438 39.648438
39.746094 39.746094
39.84375 39.84375
39.941406 39.941406
40.039062 40.039062
40.136719 40.136719
40.234375 40.234375
40.332031 40.332031
40.429688 40.429688
40.527344 40.527344
40.625 40.625
40.722656 40.722656
40.820312 40.820312
40.917969 40.917969
41.015625 41.015625
41.113281 41.113281
41.210938 41.210938
41.308594 41.308594
41.40625 41.40625
41.503906 41.503906
41.601562 41.601562
41.699219 41.699219
41.796875 41.796875
41.894531 41.894531
41.992188 41.992188
42.089844 42.089844
42.1875 42.1875
42.285156 42.285156
42.382812 42.382812
42.480469 42.480469
42.578125 42.578125
42.675781 42.675781
42.773438 42.773438
42.871094 42.871094
42.96875 42.96875
43.066406 43.066406
43.164062 43.164062
43.261719 43.261719
43.359375 43.359375
43.457031 43.457031
43.554688 43.554688
43.652344 43.652344
43.75 43.75
43.847656 43.847656
43.945312 43.945312
44.042969 44.042969
44.140625 44.140625
44.238281 44.238281
44.335938 44.335938
44.433594 44.433594
44.53125 44.53125
44.628906 44.628906
44.726562 44.726562
44.824219 44.824219
44.921875 44.921875
45.019531 45.019531
45.117188 45.117188
45.214844 45.214844
45.3125 45.3125
45.410156 45.410156
45.507812 45.507812
45.605469 45.605469
45.703125 45.703125
45.800781 45.800781
45.898438 45.898438
45.996094 45.996094
46.09375 46.09375
46.191406 46.191406
46.289062 46.289062
46.386719 46.386719
46.484375 46.484375
46.582031 46.582031
46.679688 46.679688
46.777344 46.777344
46.875 46.875
46.972656 46.972656
47.070312 47.070312
47.167969 47.167969
47.265625 47.265625
47.363281 47.363281
47.460938 47.460938
47.558594 47.558594
47.65625 47.65625
47.753906 47.753906
47.851562 47.851562
47.949219 47.949219
48.046875 48.046875
48.144531 48.144531
48.242188 48.242188
48.339844 48.339844
48.4375 48.4375
48.535156 48.535156
48.632812 48.632812
48.730469 48.730469
48.828125 48.828125
48.925781 48.925781
49.023438 49.023438
49.121094 49.121094
49.21875 49.21875
49.316406 49.316406
49.414062 49.414062
49.511719 49.511719
49.609375 49.609375
49.707031 49.707031
49.804688 49.804688
49.902344 49.902344
50.0 50.0
50.097656 50.097656
50.195312 50.195312
50.292969 50.292969
50.390625 50.390625
50.488281 50.488281
50.585938 50.585938
50.683594 50.683594
50.78125 50.78125
50.878906 50.878906
50.976562 50.976562
51.074219 51.074219
51.171875 51.171875
51.269531 51.269531
51.367188 51.367188
51.464844 51.464844
51.5625 51.5625
51.660156 51.660156
51.757812 51.757812
51.855469 51.855469
51.953125 51.953125
52.050781 52.050781
52.148438 52.148438
52.246094 52.246094
52.34375 52.34375
52.441406 52.441406
52.539062 52.539062
52.636719 52.636719
52.734375 52.734375
52.832031 52.832031
52.929688 52.929688
53.027344 53.027344
53.125 53.125
53.222656 53.222656
53.320312 53.320312
53.417969 53.417969
53.515625 53.515625
53.613281 53.613281
53.710938 53.710938
53.808594 53.808594
53.90625 53.90625
54.003906 54.003906
54.101562 54.101562
54.199219 54.199219
54.296875 54.296875
54.394531 54.394531
54.492188 54.492188
54.589844 54.589844
54.6875 54.6875
54.785156 54.785156
54.882812 54.882812
54.980469 54.980469
55.078125 55.078125
55.175781 55.175781
55.273438 55.273438
55.371094 55.371094
55.46875 55.46875
55.566406 55.566406
55.664062 55.664062
55.761719 55.761719
55.859375 55.859375
55.957031 55.957031
56.054688 56.054688
56.152344 56.152344
56.25 56.25
56.347656 56.347656
56.445312 56.445312
56.542969 56.542969
56.640625 56.640625
56.738281 56.738281
56.835938 56.835938
56.933594 56.933594
57.03125 57.03125
57.128906 57.128906
57.226562 57.226562
57.324219 57.324219
57.421875 57.421875
57.519531 57.519531
57.617188 57.617188
57.714844 57.714844
57.8125 57.8125
57.910156 57.910156
58.007812 58.007812
58.105469 58.105469
58.203125 58.203125
58.300781 58.300781
58.398438 58.398438
58.496094 58.496094
58.59375 58.59375
58.691406 58.691406
58.789062 58.789062
58.886719 58.886719
58.984375 58.984375
59.082031 59.082031
59.179688 59.179688
59.277344 59.277344
59.375 59.375
59.472656 59.472656
59.570312 59.570312
59.667969 59.667969
59.765625 59.765625
59.863281 59.863281
59.960938 59.960938
60.058594 60.058594
60.15625 60.15625
60.253906 60.253906
60.351562 60.351562
60.449219 60.449219
60.546875 60.546875
60.644531 60.644531
60.742188 60.742188
60.839844 60.839844
60.9375 60.9375
61.035156 61.035156
61.132812 61.132812
61.230469 61.230469
61.328125 61.328125
61.425781 61.425781
61.523438 61.523438
61.621094 61.621094
61.71875 61.71875
61.816406 61.816406
61.914062 61.914062
62.011719 62.011719
62.109375 62.109375
62.207031 62.207031
62.304688 62.304688
62.402344 62.402344
62.5 62.5
62.597656 62.597656
62.695312 62.695312
62.792969 62.792969
62.890625 62.890625
62.988281 62.988281
63.085938 63.085938
63.183594 63.183594
63.28125 63.28125
63.378906 63.378906
63.476562 63.476562
63.574219 63.574219
63.671875 63.671875
63.769531 63.769531
63.867188 63.867188
63.964844 63.964844
64.0625 64.0625
64.160156 64.160156
64.257812 64.257812
64.355469 64.355469
64.453125 64.453125
64.550781 64.550781
64.648438 64.648438
64.746094 64.746094
64.84375 64.84375
64.941406 64.941406
65.039062 65.039062
65.136719 65.136719
65.234375 65.234375
65.332031 65.332031
65.429688 65.429688
65.527344 65.527344
65.625 65.625
65.722656 65.722656
65.820312 65.820312
65.917969 65.917969
66.015625 66.015625
66.113281 66.113281
66.210938 66.210938
66.308594 66.308594
66.40625 66.40625
66.503906 66.503906
66.601562 66.601562
66.699219 66.699219
66.796875 66.796875
66.894531 66.894531
66.992188 66.992188
67.089844 67.089844
67.1875 67.1875
67.285156 67.285156
67.382812 67.382812
67.480469 67.480469
67.578125 67.578125
67.675781 67.675781
67.773438 67.773438
67.871094 67.871094
67.96875 67.96875
68.066406 68.066406
68.164062 68.164062
68.261719 68.261719
68.359375 68.359375
68.457031 68.457031
68.554688 68.554688
68.652344 68.652344
68.75 68.75
68.847656 68.847656
68.945312 68.945312
69.042969 69.042969
69.140625 69.140625
69.238281 69.238281
69.335938 69.335938
69.433594 69.433594
69.53125 69.53125
69.628906 69.628906
69.726562 69.726562
69.824219 69.824219
69.921875 69.921875
70.019531 70.019531
70.117188 70.117188
70.214844 70.214844
70.3125 70.3125
70.410156 70.410156
70.507812 70.507812
70.605469 70.605469
70.703125 70.703125
70.800781 70.800781
70.898438 70.898438
70.996094 70.996094
71.09375 71.09375
71.191406 71.191406
71.289062 71.289062
71.386719 71.386719
71.484375 71.484375
71.582031 71.582031
71.679688 71.679688
71.777344 71.777344
71.875 71.875
71.972656 71.972656
72.070312 72.070312
72.167969 72.167969
72.265625 72.265625
72.363281 72.363281
72.460938 72.460938
72.558594 72.558594
72.65625 72.65625
72.753906 72.753906
72.851562 72.851562
72.949219 72.949219
73.046875 73.046875
73.144531 73.144531
73.242188 73.242188
73.339844 73.339844
73.4375 73.4375
73.535156 73.535156
73.632812 73.632812
73.730469 73.730469
73.828125 73.828125
73.925781 73.925781
74.023438 74.023438
74.121094 74.121094
74.21875 74.21875
74.316406 74.316406
74.414062 74.414062
74.511719 74.511719
74.609375 74.609375
74.707031 74.707031
74.804688 74.804688
74.902344 74.902344
75.0 75.0
75.097656 75.097656
75.195312 75.195312
75.292969 75.292969
75.390625 75.390625
75.488281 75.488281
75.585938 75.585938
75.683594 75.683594
75.78125 75.78125
75.878906 75.878906
75.976562 75.976562
76.074219 76.074219
76.171875 76.171875
76.269531 76.269531
76.367188 76.367188
76.464844 76.464844
76.5625 76.5625
76.660156 76.660156
76.757812 76.757812
76.855469 76.855469
76.953125 76.953125
77.050781 77.050781
77.148438 77.148438
77.246094 77.246094
77.34375 77.34375
77.441406 77.441406
77.539062 77.539062
77.636719 77.636719
77.734375 77.734375
77.832031 77.832031
77.929688 77.929688
78.027344 78.027344
78.125 78.125
78.222656 78.222656
78.320312 78.320312
78.417969 78.417969
78.515625 78.515625
78.613281 78.613281
78.710938 78.710938
78.808594 78.808594
78.90625 78.90625
79.003906 79.003906
79.101562 79.101562
79.199219 79.199219
79.296875 79.296875
79.394531 79.394531
79.492188 79.492188
79.589844 79.589844
79.6875 79.6875
79.785156 79.785156
79.882812 79.882812
79.980469 79.980469
80.078125 80.078125
80.175781 80.175781
80.273438 80.273438
80.371094 80.371094
80.46875 80.46875
80.566406 80.566406
80.664062 80.664062
80.761719 80.761719
80.859375 80.859375
80.957031 80.957031
81.054688 81.054688
81.152344 81.152344
81.25 81.25
81.347656 81.347656
81.445312 81.445312
81.542969 81.542969
81.640625 81.640625
81.738281 81.738281
81.835938 81.835938
81.933594 81.933594
82.03125 82.03125
82.128906 82.128906
82.226562 82.226562
82.324219 82.324219
82.421875 82.421875
82.519531 82.519531
82.617188 82.617188
82.714844 82.714844
82.8125 82.8125
82.910156 82.910156
83.007812 83.007812
83.105469 83.105469
83.203125 83.203125
83.300781 83.300781
83.398438 83.398438
83.496094 83.496094
83.59375 83.59375
83.691406 83.691406
83.789062 83.789062
83.886719 83.886719
83.984375 83.984375
84.082031 84.082031
84.179688 84.179688
84.277344 84.277344
84.375 84.375
84.472656 84.472656
84.570312 84.570312
84.667969 84.667969
84.765625 84.765625
84.863281 84.863281
84.960938 84.960938
85.058594 85.058594
85.15625 85.15625
85.253906 85.253906
85.351562 85.351562
85.449219 85.449219
85.546875 85.546875
85.644531 85.644531
85.742188 85.742188
85.839844 85.839844
85.9375 85.9375
86.035156 86.035156
86.132812 86.132812
86.230469 86.230469
86.328125 86.328125
86.425781 86.425781
86.523438 86.523438
86.621094 86.621094
86.71875 86.71875
86.816406 86.816406
86.914062 86.914062
87.011719 87.011719
87.109375 87.109375
87.207031 87.207031
87.304688 87.304688
87.402344 87.402344
87.5 87.5
87.597656 87.597656
87.695312 87.695312
87.792969 87.792969
87.890625 87.890625
87.988281 87.988281
88.085938 88.085938
88.183594 88.183594
88.28125 88.28125
88.378906 88.378906
88.476562 88.476562
88.574219 88.574219
88.671875 88.671875
88.769531 88.769531
88.867188 88.867188
88.964844 88.964844
89.0625 89.0625
89.160156 89.160156
89.257812 89.257812
89.355469 89.355469
89.453125 89.453125
89.550781 89.550781
89.648438 89.648438
89.746094 89.746094
89.84375 89.84375
89.941406 89.941406
90.039062 90.039062
90.136719 90.136719
90.234375 90.234375
90.332031 90.332031
90.429688 90.429688
90.527344 90.527344
90.625 90.625
90.722656 90.722656
90.820312 90.820312
90.917969 90.917969
91.015625 91.015625
91.113281 91.113281
91.210938 91.210938
91.308594 91.308594
91.40625 91.40625
91.503906 91.503906
91.601562 91.601562
91.699219 91.699219
91.796875 91.796875
91.894531 91.894531
91.992188 91.992188
92.089844 92.089844
92.1875 92.1875
92.285156 92.285156
92.382812 92.382812
92.480469 92.480469
92.578125 92.578125
92.675781 92.675781
92.773438 92.773438
92.871094 92.871094
92.96875 92.96875
93.066406 93.066406
93.164062 93.164062
93.261719 93.261719
93.359375 93.359375
93.457031 93.457031
93.554688 93.554688
93.652344 93.652344
93.75 93.75
93.847656 93.847656
93.945312 93.945312
94.042969 94.042969
94.140625 94.140625
94.238281 94.238281
94.335938 94.335938
94.433594 94.433594
94.53125 94.53125
94.628906 94.628906
94.726562 94.726562
94.824219 94.824219
94.921875 94.921875
95.019531 95.019531
95.117188 95.117188
95.214844 95.214844
95.3125 95.3125
95.410156 95.410156
95.507812 95.507812
95.605469 95.605469
95.703125 95.703125
95.800781 95.800781
95.898438 95.898438
95.996094 95.996094
96.09375 96.09375
96.191406 96.191406
96.289062 96.289062
96.386719 96.386719
96.484375 96.484375
96.582031 96.582031
96.679688 96.679688
96.777344 96.777344
96.875 96.875
96.972656 96.972656
97.070312 97.070312
97.167969 97.167969
97.265625 97.265625
97.363281 97.363281
97.460938 97.460938
97.558594 97.558594
97.65625 97.65625
97.753906 97.753906
97.851562 97.851562
97.949219 97.949219
98.046875 98.046875
98.144531 98.144531
98.242188 98.242188
98.339844 98.339844
98.4375 98.4375
98.535156 98.535156
98.632812 98.632812
98.730469 98.730469
98.828125 98.828125
98.925781 98.925781
99.023438 99.023438
99.121094 99.121094
99.21875 99.21875
99.316406 99.316406
99.414062 99.414062
99.511719 99.511719
99.609375 99.609375
99.707031 99.707031
99.804688 99.804688
99.902344 99.902344
100.0 100.0
100.097656 100.097656
100.195312 100.195312
100.292969 100.292969
100.390625 100.390625
100.488281 100.488281
100.585938 100.585938
100.683594 100.683594
100.78125 100.78125
100.878906 100.878906
100.976562 100.976562
101.074219 101.074219
101.171875 101.171875
101.269531 101.269531
101.367188 101.367188
101.464844 101.464844
101.5625 101.5625
101.660156 101.660156
101.757812 101.757812
101.855469 101.855469
101.953125 101.953125
102.050781 102.050781
102.148438 102.148438
102.246094 102.246094
102.34375 102.34375
102.441406 102.441406
102.539062 102.539062
102.636719 102.636719
102.734375 102.734375
102.832031 102.832031
102.929688 102.929688
103.027344 103.027344
103.125 103.125
103.222656 103.222656
103.320312 103.320312
103.417969 103.417969
103.515625 103.515625
103.613281 103.613281
103.710938 103.710938
103.808594 103.808594
103.90625 103.90625
104.003906 104.003906
104.101562 104.101562
104.199219 104.199219
104.296875 104.296875
104.394531 104.394531
104.492188 104.492188
104.589844 104.589844
104.6875 104.6875
104.785156 104.785156
104.882812 104.882812
104.980469 104.980469
105.078125 105.078125
105.175781 105.175781
105.273438 105.273438
105.371094 105.371094
105.46875 105.46875
105.566406 105.566406
105.664062 105.664062
105.761719 105.761719
105.859375 105.859375
105.957031 105.957031
106.054688 106.054688
106.152344 106.152344
106.25 106.25
106.347656 106.347656
106.445312 106.445312
106.542969 106.542969
106.640625 106.640625
106.738281 106.738281
106.835938 106.835938
106.933594 106.933594
107.03125 107.03125
107.128906 107.128906
107.226562 107.226562
107.324219 107.324219
107.421875 107.421875
107.519531 107.519531
107.617188 107.617188
107.714844 107.714844
107.8125 107.8125
107.910156 107.910156
108.007812 108.007812
108.105469 108.105469
108.203125 108.203125
108.300781 108.300781
108.398438 108.398438
108.496094 108.496094
108.59375 108.59375
108.691406 108.691406
108.789062 108.789062
108.886719 108.886719
108.984375 108.984375
109.082031 109.082031
109.179688 109.179688
109.277344 109.277344
109.375 109.375
109.472656 109.472656
109.570312 109.570312
109.667969 109.667969
109.765625 109.765625
109.863281 109.863281
109.960938 109.960938
110.058594 110.058594
110.15625 110.15625
110.253906 110.253906
110.351562 110.351562
110.449219 110.449219
110.546875 110.546875
110.644531 110.644531
110.742188 110.742188
110.839844 110.839844
110.9375 110.9375
111.035156 111.035156
111.132812 111.132812
111.230469 111.230469
111.328125 111.328125
111.425781 111.425781
111.523438 111.523438
111.621094 111.621094
111.71875 111.71875
111.816406 111.816406
111.914062 111.914062
112.011719 112.011719
112.109375 112.109375
112.207031 112.207031
112.304688 112.304688
112.402344 112.402344
112.5 112.5
112.597656 112.597656
112.695312 112.695312
112.792969 112.792969
112.890625 112.890625
112.988281 112.988281
113.085938 113.085938
113.183594 113.183594
113.28125 113.28125
113.378906 113.378906
113.476562 113.476562
113.574219 113.574219
113.671875 113.671875
113.769531 113.769531
113.867188 113.867188
113.964844 113.964844
114.0625 114.0625
114.160156 114.160156
114.257812 114.257812
114.355469 114.355469
114.453125 114.453125
114.550781 114.550781
114.648438 114.648438
114.746094 114.746094
114.84375 114.84375
114.941406 114.941406
115.039062 115.039062
115.136719 115.136719
115.234375 115.234375
115.332031 115.332031
115.429688 115.429688
115.527344 115.527344
115.625 115.625
115.722656 115.722656
115.820312 115.820312
115.917969 115.917969
116.015625 116.015625
116.113281 116.113281
116.210938 116.210938
116.308594 116.308594
116.40625 116.40625
116.503906 116.503906
116.601562 116.601562
116.699219 116.699219
116.796875 116.796875
116.894531 116.894531
116.992188 116.992188
117.089844 117.089844
117.1875 117.1875
117.285156 117.285156
117.382812 117.382812
117.480469 117.480469
117.578125 117.578125
117.675781 117.675781
117.773438 117.773438
117.871094 117.871094
117.96875 117.96875
118.066406 118.066406
118.164062 118.164062
118.261719 118.261719
118.359375 118.359375
118.457031 118.457031
118.554688 118.554688
118.652344 118.652344
118.75 118.75
118.847656 118.847656
118.945312 118.945312
119.042969 119.042969
119.140625 119.140625
119.238281 119.238281
119.335938 119.335938
119.433594 119.433594
119.53125 119.53125
119.628906 119.628906
119.726562 119.726562
119.824219 119.824219
119.921875 119.921875
120.019531 120.019531
120.117188 120.117188
120.214844 120.214844
120.3125 120.3125
120.410156 120.410156
120.507812 120.507812
120.605469 120.605469
120.703125 120.703125
120.800781 120.800781
120.898438 120.898438
120.996094 120.996094
121.09375 121.09375
121.191406 121.191406
121.289062 121.289062
121.386719 121.386719
121.484375 121.484375
121.582031 121.582031
121.679688 121.679688
121.777344 121.777344
121.875 121.875
121.972656 121.972656
122.070312 122.070312
122.167969 122.167969
122.265625 122.265625
122.363281 122.363281
122.460938 122.460938
122.558594 122.558594
122.65625 122.65625
122.753906 122.753906
122.851562 122.851562
122.949219 122.949219
123.046875 123.046875
123.144531 123.144531
123.242188 123.242188
123.339844 123.339844
123.4375 123.4375
123.535156 123.535156
123.632812 123.632812
123.730469 123.730469
123.828125 123.828125
123.925781 123.925781
124.023438 124.023438
124.121094 124.121094
124.21875 124.21875
124.316406 124.316406
124.414062 124.414062
124.511719 124.511719
124.609375 124.609375
124.707031 124.707031
124.804688 124.804688
124.902344 124.902344
125.0 125.0
125.097656 125.097656
125.195312 125.195312
125.292969 125.292969
125.390625 125.390625
125.488281 125.488281
125.585938 125.585938
125.683594 125.683594
125.78125 125.78125
125.878906 125.878906
125.976562 125.976562
126.074219 126.074219
126.171875 126.171875
126.269531 126.269531
126.367188 126.367188
126.464844 126.464844
126.5625 126.5625
126.660156 126.660156
126.757812 126.757812
126.855469 126.855469
126.953125 126.953125
127.050781 127.050781
127.148438 127.148438
127.246094 127.246094
127.34375 127.34375
127.441406 127.441406
127.539062 127.539062
127.636719 127.636719
127.734375 127.734375
127.832031 127.832031
127.929688 127.929688
128.027344 128.027344
128.125 128.125
128.222656 128.222656
128.320312 128.320312
128.417969 128.417969
128.515625 128.515625
128.613281 128.613281
128.710938 128.710938
128.808594 128.808594
128.90625 128.90625
129.003906 129.003906
129.101562 129.101562
129.199219 129.199219
129.296875 129.296875
129.394531 129.394531
129.492188 129.492188
129.589844 129.589844
129.6875 129.6875
129.785156 129.785156
129.882812 129.882812
129.980469 129.980469
130.078125 130.078125
130.175781 130.175781
130.273438 130.273438
130.371094 130.371094
130.46875 130.46875
130.566406 130.566406
130.664062 130.664062
130.761719 130.761719
130.859375 130.859375
130.957031 130.957031
131.054688 131.054688
131.152344 131.152344
131.25 131.25
131.347656 131.347656
131.445312 131.445312
131.542969 131.542969
131.640625 131.640625
131.738281 131.738281
131.835938 131.835938
131.933594 131.933594
132.03125 132.03125
132.128906 132.128906
132.226562 132.226562
132.324219 132.324219
132.421875 132.421875
132.519531 132.519531
132.617188 132.617188
132.714844 132.714844
132.8125 132.8125
132.910156 132.910156
133.007812 133.007812
133.105469 133.105469
133.203125 133.203125
133.300781 133.300781
133.398438 133.398438
133.496094 133.496094
133.59375 133.59375
133.691406 133.691406
133.789062 133.789062
133.886719 133.886719
133.984375 133.984375
134.082031 134.082031
134.179688 134.179688
134.277344 134.277344
134.375 134.375
134.472656 134.472656
134.570312 134.570312
134.667969 134.667969
134.765625 134.765625
134.863281 134.863281
134.960938 134.960938
135.058594 135.058594
135.15625 135.15625
135.253906 135.253906
135.351562 135.351562
135.449219 135.449219
135.546875 135.546875
135.644531 135.644531
135.742188 135.742188
135.839844 135.839844
135.9375 135.9375
136.035156 136.035156
136.132812 136.132812
136.230469 136.230469
136.328125 136.328125
136.425781 136.425781
136.523438 136.523438
136.621094 136.621094
136.71875 136.71875
136.816406 136.816406
136.914062 136.914062
137.011719 137.011719
137.109375 137.109375
137.207031 137.207031
137.304688 137.304688
137.402344 137.402344
137.5 137.5
137.597656 137.597656
137.695312 137.695312
137.792969 137.792969
137.890625 137.890625
137.988281 137.988281
138.085938 138.085938
138.183594 138.183594
138.28125 138.28125
138.378906 138.378906
138.476562 138.476562
138.574219 138.574219
138.671875 138.671875
138.769531 138.769531
138.867188 138.867188
138.964844 138.964844
139.0625 139.0625
139.160156 139.160156
139.257812 139.257812
139.355469 139.355469
139.453125 139.453125
139.550781 139.550781
139.648438 139.648438
139.746094 139.746094
139.84375 139.84375
139.941406 139.941406
140.039062 140.039062
140.136719 140.136719
140.234375 140.234375
140.332031 140.332031
140.429688 140.429688
140.527344 140.527344
140.625 140.625
140.722656 140.722656
140.820312 140.820312
140.917969 140.917969
141.015625 141.015625
141.113281 141.113281
141.210938 141.210938
141.308594 141.308594
141.40625 141.40625
141.503906 141.503906
141.601562 141.601562
141.699219 141.699219
141.796875 141.796875
141.894531 141.894531
141.992188 141.992188
142.089844 142.089844
142.1875 142.1875
142.285156 142.285156
142.382812 142.382812
142.480469 142.480469
142.578125 142.578125
142.675781 142.675781
142.773438 142.773438
142.871094 142.871094
142.96875 142.96875
143.066406 143.066406
143.164062 143.164062
143.261719 143.261719
143.359375 143.359375
143.457031 143.457031
143.554688 143.554688
143.652344 143.652344
143.75 143.75
143.847656 143.847656
143.945312 143.945312
144.042969 144.042969
144.140625 144.140625
144.238281 144.238281
144.335938 144.335938
144.433594 144.433594
144.53125 144.53125
144.628906 144.628906
144.726562 144.726562
144.824219 144.824219
144.921875 144.921875
145.019531 145.019531
145.117188 145.117188
145.214844 145.214844
145.3125 145.3125
145.410156 145.410156
145.507812 145.507812
145.605469 145.605469
145.703125 145.703125
145.800781 145.800781
145.898438 145.898438
145.996094 145.996094
146.09375 146.09375
146.191406 146.191406
146.289062 146.289062
146.386719 146.386719
146.484375 146.484375
146.582031 146.582031
146.679688 146.679688
146.777344 146.777344
146.875 146.875
146.972656 146.972656
147.070312 147.070312
147.167969 147.167969
147.265625 147.265625
147.363281 147.363281
147.460938 147.460938
147.558594 147.558594
147.65625 147.65625
147.753906 147.753906
147.851562 147.851562
147.949219 147.949219
148.046875 148.046875
148.144531 148.144531
148.242188 148.242188
148.339844 148.339844
148.4375 148.4375
148.535156 148.535156
148.632812 148.632812
148.730469 148.730469
148.828125 148.828125
148.925781 148.925781
149.023438 149.023438
149.121094 149.121094
149.21875 149.21875
149.316406 149.316406
149.414062 149.414062
149.511719 149.511719
149.609375 149.609375
149.707031 149.707031
149.804688 149.804688
149.902344 149.902344
150.0 150.0
150.097656 150.097656
150.195312 150.195312
150.292969 150.292969
150.390625 150.390625
150.488281 150.488281
150.585938 150.585938
150.683594 150.683594
150.78125 150.78125
150.878906 150.878906
150.976562 150.976562
151.074219 151.074219
151.171875 151.171875
151.269531 151.269531
151.367188 151.367188
151.464844 151.464844
151.5625 151.5625
151.660156 151.660156
151.757812 151.757812
151.855469 151.855469
151.953125 151.953125
152.050781 152.050781
152.148438 152.148438
152.246094 152.246094
152.34375 152.34375
152.441406 152.441406
152.539062 152.539062
152.636719 152.636719
152.734375 152.734375
152.832031 152.832031
152.929688 152.929688
153.027344 153.027344
153.125 153.125
153.222656 153.222656
153.320312 153.320312
153.417969 153.417969
153.515625 153.515625
153.613281 153.613281
153.710938 153.710938
153.808594 153.808594
153.90625 153.90625
154.003906 154.003906
154.101562 154.101562
154.199219 154.199219
154.296875 154.296875
154.394531 154.394531
154.492188 154.492188
154.589844 154.589844
154.6875 154.6875
154.785156 154.785156
154.882812 154.882812
154.980469 154.980469
155.078125 155.078125
155.175781 155.175781
155.273438 155.273438
155.371094 155.371094
155.46875 155.46875
155.566406 155.566406
155.664062 155.664062
155.761719 155.761719
155.859375 155.859375
155.957031 155.957031
156.054688 156.054688
156.152344 156.152344
156.25 156.25
156.347656 156.347656
156.445312 156.445312
156.542969 156.542969
156.640625 156.640625
156.738281 156.738281
156.835938 156.835938
156.933594 156.933594
157.03125 157.03125
157.128906 157.128906
157.226562 157.226562
157.324219 157.324219
157.421875 157.421875
157.519531 157.519531
157.617188 157.617188
157.714844 157.714844
157.8125 157.8125
157.910156 157.910156
158.007812 158.007812
158.105469 158.105469
158.203125 158.203125
158.300781 158.300781
158.398438 158.398438
158.496094 158.496094
158.59375 158.59375
158.691406 158.691406
158.789062 158.789062
158.886719 158.886719
158.984375 158.984375
159.082031 159.082031
159.179688 159.179688
159.277344 159.277344
159.375 159.375
159.472656 159.472656
159.570312 159.570312
159.667969 159.667969
159.765625 159.765625
159.863281 159.863281
159.960938 159.960938
160.058594 160.058594
160.15625 160.15625
160.253906 160.253906
160.351562 160.351562
160.449219 160.449219
160.546875 160.546875
160.644531 160.644531
160.742188 160.742188
160.839844 160.839844
160.9375 160.9375
161.035156 161.035156
161.132812 161.132812
161.230469 161.230469
161.328125 161.328125
161.425781 161.425781
161.523438 161.523438
161.621094 161.621094
161.71875 161.71875
161.816406 161.816406
161.914062 161.914062
162.011719 162.011719
162.109375 162.109375
162.207031 162.207031
162.304688 162.304688
162.402344 162.402344
162.5 162.5
162.597656 162.597656
162.695312 162.695312
162.792969 162.792969
162.890625 162.890625
162.988281 162.988281
163.085938 163.085938
163.183594 163.183594
163.28125 163.28125
163.378906 163.378906
163.476562 163.476562
163.574219 163.574219
163.671875 163.671875
163.769531 163.769531
163.867188 163.867188
163.964844 163.964844
164.0625 164.0625
164.160156 164.160156
164.257812 164.257812
164.355469 164.355469
164.453125 164.453125
164.550781 164.550781
164.648438 164.648438
164.746094 164.746094
164.84375 164.84375
164.941406 164.941406
165.039062 165.039062
165.136719 165.136719
165.234375 165.234375
165.332031 165.332031
165.429688 165.429688
165.527344 165.527344
165.625 165.625
165.722656 165.722656
165.820312 165.820312
165.917969 165.917969
166.015625 166.015625
166.113281 166.113281
166.210938 166.210938
166.308594 166.308594
166.40625 166.40625
166.503906 166.503906
166.601562 166.601562
166.699219 166.699219
166.796875 166.796875
166.894531 166.894531
166.992188 166.992188
167.089844 167.089844
167.1875 167.1875
167.285156 167.285156
167.382812 167.382812
167.480469 167.480469
167.578125 167.578125
167.675781 167.675781
167.773438 167.773438
167.871094 167.871094
167.96875 167.96875
168.066406 168.066406
168.164062 168.164062
168.261719 168.261719
168.359375 168.359375
168.457031 168.457031
168.554688 168.554688
168.652344 168.652344
168.75 168.75
168.847656 168.847656
168.945312 168.945312
169.042969 169.042969
169.140625 169.140625
169.238281 169.238281
169.335938 169.335938
169.433594 169.433594
169.53125 169.53125
169.628906 169.628906
169.726562 169.726562
169.824219 169.824219
169.921875 169.921875
170.019531 170.019531
170.117188 170.117188
170.214844 170.214844
170.3125 170.3125
170.410156 170.410156
170.507812 170.507812
170.605469 170.605469
170.703125 170.703125
170.800781 170.800781
170.898438 170.898438
170.996094 170.996094
171.09375 171.09375
171.191406 171.191406
171.289062 171.289062
171.386719 171.386719
171.484375 171.484375
171.582031 171.582031
171.679688 171.679688
171.777344 171.777344
171.875 171.875
171.972656 171.972656
172.070312 172.070312
172.167969 172.167969
172.265625 172.265625
172.363281 172.363281
172.460938 172.460938
172.558594 172.558594
172.65625 172.65625
172.753906 172.753906
172.851562 172.851562
172.949219 172.949219
173.046875 173.046875
173.144531 173.144531
173.242188 173.242188
173.339844 173.339844
173.4375 173.4375
173.535156 173.535156
173.632812 173.632812
173.730469 173.730469
173.828125 173.828125
173.925781 173.925781
174.023438 174.023438
174.121094 174.121094
174.21875 174.21875
174.316406 174.316406
174.414062 174.414062
174.511719 174.511719
174.609375 174.609375
174.707031 174.707031
174.804688 174.804688
174.902344 174.902344
175.0 175.0
175.097656 175.097656
175.195312 175.195312
175.292969 175.292969
175.390625 175.390625
175.488281 175.488281
175.585938 175.585938
175.683594 175.683594
175.78125 175.78125
175.878906 175.878906
175.976562 175.976562
176.074219 176.074219
176.171875 176.171875
176.269531 176.269531
176.367188 176.367188
176.464844 176.464844
176.5625 176.5625
176.660156 176.660156
176.757812 176.757812
176.855469 176.855469
176.953125 176.953125
177.050781 177.050781
177.148438 177.148438
177.246094 177.246094
177.34375 177.34375
177.441406 177.441406
177.539062 177.539062
177.636719 177.636719
177.734375 177.734375
177.832031 177.832031
177.929688 177.929688
178.027344 178.027344
178.125 178.125
178.222656 178.222656
178.320312 178.320312
178.417969 178.417969
178.515625 178.515625
178.613281 178.613281
178.710938 178.710938
178.808594 178.808594
178.90625 178.90625
179.003906 179.003906
179.101562 179.101562
179.199219 179.199219
179.296875 179.296875
179.394531 179.394531
179.492188 179.492188
179.589844 179.589844
179.6875 179.6875
179.785156 179.785156
179.882812 179.882812
179.980469 179.980469
180.078125 180.078125
180.175781 180.175781
180.273438 180.273438
180.371094 180.371094
180.46875 180.46875
180.566406 180.566406
180.664062 180.664062
180.761719 180.761719
180.859375 180.859375
180.957031 180.957031
181.054688 181.054688
181.152344 181.152344
181.25 181.25
181.347656 181.347656
181.445312 181.445312
181.542969 181.542969
181.640625 181.640625
181.738281 181.738281
181.835938 181.835938
181.933594 181.933594
182.03125 182.03125
182.128906 182.128906
182.226562 182.226562
182.324219 182.324219
182.421875 182.421875
182.519531 182.519531
182.617188 182.617188
182.714844 182.714844
182.8125 182.8125
182.910156 182.910156
183.007812 183.007812
183.105469 183.105469
183.203125 183.203125
183.300781 183.300781
183.398438 183.398438
183.496094 183.496094
183.59375 183.59375
183.691406 183.691406
183.789062 183.789062
183.886719 183.886719
183.984375 183.984375
184.082031 184.082031
184.179688 184.179688
184.277344 184.277344
184.375 184.375
184.472656 184.472656
184.570312 184.570312
184.667969 184.667969
184.765625 184.765625
184.863281 184.863281
184.960938 184.960938
185.058594 185.058594
185.15625 185.15625
185.253906 185.253906
185.351562 185.351562
185.449219 185.449219
185.546875 185.546875
185.644531 185.644531
185.742188 185.742188
185.839844 185.839844
185.9375 185.9375
186.035156 186.035156
186.132812 186.132812
186.230469 186.230469
186.328125 186.328125
186.425781 186.425781
186.523438 186.523438
186.621094 186.621094
186.71875 186.71875
186.816406 186.816406
186.914062 186.914062
187.011719 187.011719
187.109375 187.109375
187.207031 187.207031
187.304688 187.304688
187.402344 187.402344
187.5 187.5
187.597656 187.597656
187.695312 187.695312
187.792969 187.792969
187.890625 187.890625
187.988281 187.988281
188.085938 188.085938
188.183594 188.183594
188.28125 188.28125
188.378906 188.378906
188.476562 188.476562
188.574219 188.574219
188.671875 188.671875
188.769531 188.769531
188.867188 188.867188
188.964844 188.964844
189.0625 189.0625
189.160156 189.160156
189.257812 189.257812
189.355469 189.355469
189.453125 189.453125
189.550781 189.550781
189.648438 189.648438
189.746094 189.746094
189.84375 189.84375
189.941406 189.941406
190.039062 190.039062
190.136719 190.136719
190.234375 190.234375
190.332031 190.332031
190.429688 190.429688
190.527344 190.527344
190.625 190.625
190.722656 190.722656
190.820312 190.820312
190.917969 190.917969
191.015625 191.015625
191.113281 191.113281
191.210938 191.210938
191.308594 191.308594
191.40625 191.40625
191.503906 191.503906
191.601562 191.601562
191.699219 191.699219
191.796875 191.796875
191.894531 191.894531
191.992188 191.992188
192.089844 192.089844
192.1875 192.1875
192.285156 192.285156
192.382812 192.382812
192.480469 192.480469
192.578125 192.578125
192.675781 192.675781
192.773438 192.773438
192.871094 192.871094
192.96875 192.96875
193.066406 193.066406
193.164062 193.164062
193.261719 193.261719
193.359375 193.359375
193.457031 193.457031
193.554688 193.554688
193.652344 193.652344
193.75 193.75
193.847656 193.847656
193.945312 193.945312
194.042969 194.042969
194.140625 194.140625
194.238281 194.238281
194.335938 194.335938
194.433594 194.433594
194.53125 194.53125
194.628906 194.628906
194.726562 194.726562
194.824219 194.824219
194.921875 194.921875
195.019531 195.019531
195.117188 195.117188
195.214844 195.214844
195.3125 195.3125
195.410156 195.410156
195.507812 195.507812
195.605469 195.605469
195.703125 195.703125
195.800781 195.800781
195.898438 195.898438
195.996094 195.996094
196.09375 196.09375
196.191406 196.191406
196.289062 196.289062
196.386719 196.386719
196.484375 196.484375
196.582031 196.582031
196.679688 196.679688
196.777344 196.777344
196.875 196.875
196.972656 196.972656
197.070312 197.070312
197.167969 197.167969
197.265625 197.265625
197.363281 197.363281
197.460938 197.460938
197.558594 197.558594
197.65625 197.65625
197.753906 197.753906
197.851562 197.851562
197.949219 197.949219
198.046875 198.046875
198.144531 198.144531
198.242188 198.242188
198.339844 198.339844
198.4375 198.4375
198.535156 198.535156
198.632812 198.632812
198.730469 198.730469
198.828125 198.828125
198.925781 198.925781
199.023438 199.023438
199.121094 199.121094
199.21875 199.21875
199.316406 199.316406
199.414062 199.414062
199.511719 199.511719
199.609375 199.609375
199.707031 199.707031
199.804688 199.804688
199.902344 199.902344
