64
-0.00 -10.00
0.98 -9.95
1.95 -9.81
2.90 -9.57
3.83 -9.24
4.71 -8.82
5.56 -8.31
6.34 -7.73
7.07 -7.07
7.73 -6.34
8.31 -5.56
8.82 -4.71
9.24 -3.83
9.57 -2.90
9.81 -1.95
9.95 -0.98
10.00 0.00
9.95 0.98
9.81 1.95
9.57 2.90
9.24 3.83
8.82 4.71
8.31 5.56
7.73 6.34
7.07 7.07
6.34 7.73
5.56 8.31
4.71 8.82
3.83 9.24
2.90 9.57
1.95 9.81
0.98 9.95
0.00 10.00
-0.98 9.95
-1.95 9.81
-2.90 9.57
-3.83 9.24
-4.71 8.82
-5.56 8.31
-6.34 7.73
-7.07 7.07
-7.73 6.34
-8.31 5.56
-8.82 4.71
-9.24 3.83
-9.57 2.90
-9.81 1.95
-9.95 0.98
-10.00 0.00
-9.95 -0.98
-9.81 -1.95
-9.57 -2.90
-9.24 -3.83
-8.82 -4.71
-8.31 -5.56
-7.73 -6.34
-7.07 -7.07
-6.34 -7.73
-5.56 -8.31
-4.71 -8.82
-3.83 -9.24
-2.90 -9.57
-1.95 -9.81
-0.98 -9.95
