256
79.353802 95.928455
49.312476 71.145432
48.582392 17.432613
55.286091 59.044099
51.130074 88.551986
50.370392 71.644227
42.520664 62.920184
38.846614 74.279329
83.24452 11.904124
37.625776 38.750208
92.354715 6.148763
70.03977 70.950425
19.160948 53.56197
61.909225 39.285389
33.035635 66.122636
54.167526 86.09415
85.119315 28.061648
91.041717 12.509426
81.244278 42.929504
91.455807 68.165828
95.388991 56.477961
53.555038 27.480439
12.15686 67.461232
46.487597 38.445374
69.795205 70.907616
89.706317 28.165208
2.547125 7.121689
9.274191 38.782698
53.455732 76.838743
37.209279 10.921864
55.449693 0.701198
99.452962 22.825203
7.235757 54.933764
11.373098 97.015181
4.493142 98.86532
98.614604 29.158167
23.876591 61.61605
7.55571 1.520989
27.657442 88.327879
19.222636 27.12639
77.751546 49.651636
74.442535 59.834326
58.786208 37.737548
34.361065 60.358228
57.175785 90.865919
29.839057 18.118115
59.327616 97.353296
68.026028 42.821844
35.733481 27.300499
48.444072 98.490903
72.795355 26.664472
24.862865 47.308307
69.570139 83.814339
25.974585 82.921138
27.466044 12.755338
51.080223 96.784024
12.980945 5.016805
52.143031 5.181629
78.61773 45.012187
14.496343 84.8233
53.876284 89.56573
78.378843 13.410816
17.565035 64.391852
7.284801 35.248591
25.907909 8.27736
27.329752 14.674063
64.507051 42.342431
99.631956 64.506018
70.125745 22.314578
21.121938 73.727449
28.813519 28.289349
60.220314 17.448549
10.301102 53.346062
40.370505 11.51541
85.68151 71.476975
33.363974 64.141847
0.89987 20.418862
18.502537 51.813562
19.435926 53.31055
68.997966 7.625653
73.970251 90.341043
30.721986 14.309228
35.786874 95.728015
87.126576 33.688106
24.714814 93.554532
49.745566 78.221793
82.124653 61.150691
2.572393 32.994259
64.159595 59.676872
11.332455 27.633318
77.568308 7.826001
90.92103 77.525238
47.710666 75.716854
81.00608 50.160471
32.037808 15.994032
2.899162 56.719216
41.072911 74.560145
72.900315 97.134058
48.989251 54.696727
60.057277 76.262982
92.909848 4.68405
91.047177 14.386387
67.486505 25.978661
60.177626 27.362764
96.969735 39.202372
52.882319 20.256796
67.730845 94.193243
8.363596 11.647831
15.698144 39.754571
69.383193 18.565093
0.364315 74.675014
38.834324 24.290701
87.108359 11.738173
35.933801 26.371161
65.623609 60.373892
56.645599 17.068549
39.547556 32.341678
92.989525 73.242988
71.380111 28.867765
46.005679 87.756916
97.63463 54.277872
30.727883 55.585614
30.253346 56.891908
99.440754 66.411736
8.55529 45.587609
33.635477 45.599123
1.936484 52.523519
29.522154 7.720986
54.299008 19.714608
24.472697 38.601902
70.038481 60.569424
33.950107 70.812291
96.579338 66.059793
89.058888 38.711223
58.499395 9.034198
80.49453 96.401847
21.243735 61.012299
52.859787 60.900385
70.508034 71.315184
2.249549 33.586718
30.925332 78.929985
32.157368 13.194848
69.310498 65.241905
24.967176 28.244633
69.050466 75.342666
52.603527 60.248659
72.45555 85.062489
2.71093 96.303475
7.083679 83.142486
74.40561 15.937872
85.902056 54.500274
0.246611 44.522623
3.631437 86.198051
16.70239 31.602705
30.350555 58.512607
67.702597 75.091611
19.654481 39.917262
3.027256 86.124389
41.552242 87.458339
87.75021 5.775836
81.276242 52.910999
84.989003 9.97208
73.745157 8.870788
59.620923 81.282386
99.039502 32.613975
39.191398 57.397596
80.227926 79.32265
3.656976 7.795756
83.496639 83.062385
31.361788 84.730319
81.383204 29.608299
74.330436 57.430541
39.049695 92.985366
68.671329 41.92768
97.694594 55.979343
14.21514 44.782006
33.813096 14.028286
85.220355 80.868342
69.907632 52.760982
61.361777 41.356095
4.187162 53.604294
62.488091 30.401848
3.639882 76.617057
61.928027 64.375619
87.430991 50.416256
39.918449 77.001102
95.968756 2.886533
36.343407 14.692146
79.936938 20.226018
16.43224 64.52629
14.574846 59.493709
51.715874 84.354432
37.191879 20.667966
74.426577 93.366545
84.301226 79.735429
15.349458 64.932993
25.729494 56.907964
69.950887 63.841106
61.505618 90.459955
14.021175 1.166607
26.582258 84.932311
39.495608 50.861315
8.469283 56.290904
4.886571 22.066494
1.44279 61.008334
47.836283 60.038491
0.682718 67.363013
98.428923 13.176901
23.636368 94.37985
88.895428 10.271739
84.330187 0.868342
23.445461 47.892921
16.345082 31.309652
3.529828 38.976592
21.03758 62.533376
27.772812 48.639597
7.919682 0.637788
10.448253 40.84343
68.144824 34.660452
22.043618 23.176566
93.626925 85.784783
20.741266 47.303773
40.606564 87.811115
83.182777 40.781492
63.417808 27.196351
22.292562 69.990137
94.495319 86.699755
23.561212 5.273389
34.897947 83.518932
23.565097 84.797427
34.513074 90.475967
74.411456 0.963444
75.490499 74.009867
76.077224 37.347501
70.010181 67.113051
14.059933 48.054674
75.332908 21.92384
32.167364 12.226182
35.28129 51.257866
47.270047 57.149401
25.372933 34.962227
54.930897 71.79721
65.262981 82.296871
63.281083 88.287995
0.724313 23.890968
21.021012 93.175806
73.595753 85.779416
7.86695 63.155745
20.284178 37.3741
20.782608 40.491081
82.356643 6.51227
62.511914 95.473417
98.350486 11.13558
21.502943 47.008724
90.610275 3.55944
80.93293 23.084142
